1322321221282223222123242423224522232222222321132212222321512722312232222244311522253532222122221222
5675373654492446328553454633465763638638344343656363366623636255464662661735553323346336465333638336
6222154822345362222322222522826252516222212162122242142222622122427422231223222223423614522215652242
6222632224242211424242122221223142223522122272314221322111422725222212233232111222111221311222122223
7733645442442732531223245525486362495334532522464225353224187425436324512624552272122562562232464133
3122212312222222223262221222241212424214221222222252222212222331144322372726213221422222122222222221
3317564633543532241232338653138233333333364324334323332543322237249336434693237335433133563657333654
2222112144232342525175554221722162744427124325232272237315162252521294737141422751612264275623365412
5233336323444433338634333933257235232354342523921453333345233233432644331633334383243645338643368232
6555744775753685565359587685688568577765366857785355475445486372239447764684674376558464546868574784
3131322312625422313233136243434323233235451234422242642422221233433241342243343332222333122346552351
5545548564544551455444547425574454555985534445454524586545294455554235363458655233939254543595655353
2359665436622224221613324821315324832636221353316524645512225232332321223262434122723638222264123246
1333332423122433422244223222413244221332222222331334124322323329146144322323222422225353223432143332
2252325526527774625423122221535454723322284746512441336421532621335835341737442224474213326432923142
5766753863736644458639676412563282136344433663331635335665536244554854252673336867536454745553535586
5139931557883857995839397424342233394134332434843834938397764484863413686484933823989527723385843673
7286354682444934529442314333841634632432443946348225224943437945312764582252426642212443354433463245
5333223424222352523443254452734543444234454442121354623444212324542542244445314223324234433224341241
2336332233323335432319231323313522133234131534443333333332433123523233523223166334633533319254346322
3333333143332223113333442323223342232243235425354354334356334432335435533321344432432242742523542442
2261454235142314252241242213243143364232222332141662222322248442436223423324264231211282313214412424
3488334264566233754443373333343622327563345364254589363855559833246336332334356352363232364353368336